5 - 342
01 -- 5-15: [6, 8, 9, 10, 12, 13, 15, 87, 93, 94, 169, 175, 176, 177]
02 -- 15-25: [15, 16, 17, 19, 20, 23, 24, 30, 84, 101, 102, 103, 169, 170, 174, 176]
03 -- 25-35: [27, 29, 30, 31, 33, 34, 35, 41, 105, 119, 163, 164, 167, 168, 170, 171]
04 -- 35-45: [37, 38, 39, 40, 42, 43, 44, 45, 62, 65, 69, 119, 126, 164, 252, 301, 304, 305, 308, 331]
05 -- 45-55: [45, 47, 48, 49, 50, 51, 52, 53, 55, 61, 62, 130, 134, 269, 278, 293, 296, 297, 300, 301, 304, 305, 332, 335, 336, 340]
06 -- 55-65: [39, 43, 47, 50, 55, 56, 57, 58, 59, 60, 61, 62, 63, 64, 65, 125, 126, 129, 133, 193, 194, 199, 200, 202, 207, 265, 266, 269, 278]
07 -- 65-75: [39, 43, 65, 66, 67, 68, 69, 70, 71, 72, 73, 74, 75, 115, 116, 117, 118, 121, 125, 126, 189, 193, 214, 217, 255, 258, 261, 262, 265, 266]
08 -- 75-85: [16, 75, 76, 77, 79, 80, 81, 82, 83, 84, 85, 102, 104, 108, 110, 112, 113, 114, 115, 116, 172, 173, 174, 175, 178, 218, 221, 225, 230, 234, 239, 255]
09 -- 85-95: [6, 9, 10, 13, 85, 86, 87, 88, 89, 90, 93, 94, 100, 102, 104, 108, 110, 112, 172, 175, 238, 239, 242]
10 -- 95-105: [16, 17, 20, 27, 31, 84, 85, 88, 99, 100, 101, 102, 103, 104, 105, 170, 171, 172, 242, 243, 244, 248]
11 -- 105-115: [27, 31, 75, 76, 79, 81, 83, 85, 86, 105, 106, 107, 108, 109, 110, 111, 112, 113, 114, 115, 168, 170, 171, 172, 174, 178, 235, 236, 243, 248, 249, 250, 253, 254]
12 -- 115-125: [34, 37, 38, 64, 68, 72, 75, 76, 79, 81, 110, 115, 116, 117, 118, 119, 120, 121, 123, 124, 125, 157, 160, 161, 164, 168, 174, 178, 179, 181, 182, 183, 186, 189, 190]
13 -- 125-135: [42, 50, 57, 60, 61, 64, 65, 68, 125, 126, 127, 128, 129, 130, 131, 132, 133, 134, 135, 153, 154, 157, 160, 161, 186, 187, 189, 190, 191, 194]
14 -- 135-145: [135, 150, 153, 154]
15 -- 145-155: [128, 131, 134, 135, 138, 139, 146, 149, 150, 153, 154]
16 -- 155-165: [29, 33, 37, 119, 120, 123, 124, 127, 128, 157, 160, 161, 163, 164, 187]
17 -- 165-175: [9, 13, 15, 16, 19, 20, 23, 24, 27, 30, 31, 33, 34, 82, 83, 84, 85, 103, 105, 107, 108, 110, 114, 117, 119, 165, 167, 168, 169, 170, 171, 172, 173, 174, 175, 183]
18 -- 175-185: [8, 9, 12, 13, 15, 82, 83, 84, 87, 114, 115, 116, 117, 120, 121, 124, 165, 169, 175, 176, 177, 178, 179, 181, 182, 183]
19 -- 185-195: [60, 63, 64, 67, 71, 121, 125, 128, 132, 157, 186, 187, 189, 190, 191, 193, 194]
20 -- 195-205: [56, 59, 60, 63, 199, 200, 202, 204, 270, 271, 274]
21 -- 205-215: [59, 63, 66, 67, 70, 207, 211, 214, 215, 263, 266, 269, 270, 273]
22 -- 215-225: [70, 74, 77, 215, 217, 218, 221, 222, 225, 230, 232, 256, 263]
23 -- 225-235: [77, 80, 81, 82, 111, 113, 225, 230, 234, 235]
24 -- 235-245: [85, 86, 89, 90, 104, 109, 111, 113, 235, 236, 238, 239, 242, 243, 244]
25 -- 245-255: [40, 73, 77, 104, 105, 106, 109, 110, 111, 239, 248, 249, 250, 251, 252, 253, 254, 255, 320, 321]
26 -- 255-265: [62, 66, 69, 70, 73, 77, 211, 215, 222, 255, 256, 257, 258, 260, 261, 262, 263, 264, 265, 321, 324, 325, 328, 329, 332]
27 -- 265-275: [47, 62, 63, 66, 204, 207, 211, 214, 265, 266, 267, 268, 269, 270, 271, 272, 273, 274, 325, 328, 329, 332, 333, 336]
28 -- 275-285: [55, 277, 278, 280, 281, 282, 336, 337, 340, 341]
29 -- 285-295: [52, 53, 286, 292, 293, 295, 340, 343, 344, 347, 348]
30 -- 295-305: [44, 45, 48, 49, 52, 295, 296, 297, 299, 300, 301, 304, 305, 339, 340, 343]
31 -- 305-315: [40, 44, 45, 305, 307, 308, 310, 312, 313, 320, 323, 327, 330]
32 -- 315-325: [251, 254, 256, 257, 260, 263, 264, 320, 321, 324, 325]
33 -- 325-335: [43, 44, 47, 260, 261, 263, 264, 265, 267, 268, 269, 271, 272, 307, 308, 310, 325, 327, 328, 329, 330, 331, 332, 333, 334, 335, 340]
34 -- 336-342: [47, 51, 52, 272, 277, 278, 280, 281, 282, 292, 296, 299, 300, 336, 337, 339, 340, 341]
